9.987182021141052246e-01 1.545094549655914307e-01 1.695126444101333618e-01 1.590041518211364746e-01 1.676191389560699463e-01 1.687244325876235962e-01 1.684778034687042236e-01 1.610333025455474854e-01 1.615386605262756348e-01 1.690246909856796265e-01 1.699233651161193848e-01 1.581069082021713257e-01 1.693514883518218994e-01 1.696349829435348511e-01 1.604066044092178345e-01 1.669912040233612061e-01 1.480624228715896606e-01 1.658430248498916626e-01 1.660113781690597534e-01 1.644451320171356201e-01 1.547543406486511230e-01 -7.607713341712951660e-02 1.658533066511154175e-01 -1.059805303812026978e-01 1.640636920928955078e-01 1.681357622146606445e-01 -1.329016685485839844e-01 1.640048325061798096e-01 1.696808487176895142e-01 -1.093020215630531311e-01 -6.073933839797973633e-02 -7.292771339416503906e-02 1.602073162794113159e-01 -1.164788305759429932e-01 -8.706431090831756592e-02 -1.237325817346572876e-01 -1.172648221254348755e-01 -7.475382834672927856e-02 -1.016552075743675232e-01 1.664452552795410156e-01 1.684084683656692505e-01 1.618044972419738770e-01 1.678126156330108643e-01 -1.075758412480354309e-01 -9.603334963321685791e-02 -1.306918859481811523e-01 -1.086335033178329468e-01 -1.134036779403686523e-01 -1.188702508807182312e-01 -8.973653614521026611e-02 -6.958663463592529297e-02 -1.039894521236419678e-01 -1.053368374705314636e-01 -1.294971257448196411e-01 -1.410625129938125610e-01 -1.226409897208213806e-01 -1.477860659360885620e-01 -1.501849591732025146e-01 -1.196218729019165039e-01 -1.190592721104621887e-01 -9.267737716436386108e-02 -1.410099565982818604e-01 -1.485128402709960938e-01 -1.573102623224258423e-01 -1.200127080082893372e-01 -1.203833296895027161e-01 -1.464299410581588745e-01 -1.378815472126007080e-01 -1.487740129232406616e-01 -1.500454097986221313e-01 -1.516879498958587646e-01 -1.482595801353454590e-01 -1.453034430742263794e-01
1.545094549655914307e-01 9.904308319091796875e-01 1.559682041406631470e-01 1.562217921018600464e-01 1.557921916246414185e-01 1.555124819278717041e-01 1.551449447870254517e-01 1.557054370641708374e-01 1.551325768232345581e-01 1.546999961137771606e-01 1.532891243696212769e-01 1.515851318836212158e-01 1.557817459106445312e-01 1.598001271486282349e-01 1.530890166759490967e-01 1.562541425228118896e-01 1.475647389888763428e-01 1.570020318031311035e-01 1.521563529968261719e-01 1.518849134445190430e-01 1.452547162771224976e-01 -7.123954594135284424e-02 1.522292494773864746e-01 -1.009158343076705933e-01 1.551614701747894287e-01 1.541331857442855835e-01 -1.243108287453651428e-01 1.542952954769134521e-01 1.549919694662094116e-01 -1.045079752802848816e-01 -6.075434759259223938e-02 -7.083260267972946167e-02 1.488132178783416748e-01 -1.092205047607421875e-01 -8.346078544855117798e-02 -1.157825589179992676e-01 -1.123370528221130371e-01 -7.473873347043991089e-02 -9.664066135883331299e-02 1.556480973958969116e-01 1.558174043893814087e-01 1.519766747951507568e-01 1.517473608255386353e-01 -1.014909371733665466e-01 -9.136700630187988281e-02 -1.217360347509384155e-01 -1.074742153286933899e-01 -1.061539277434349060e-01 -1.112359613180160522e-01 -8.523546159267425537e-02 -7.217313349246978760e-02 -9.820872545242309570e-02 -9.812619537115097046e-02 -1.213245540857315063e-01 -1.316190659999847412e-01 -1.137281805276870728e-01 -1.383780390024185181e-01 -1.416845619678497314e-01 -1.121841147541999817e-01 -1.100327819585800171e-01 -8.542226254940032959e-02 -1.316825598478317261e-01 -1.404051482677459717e-01 -1.483385264873504639e-01 -1.123700588941574097e-01 -1.137432530522346497e-01 -1.378957629203796387e-01 -1.291826069355010986e-01 -1.407392621040344238e-01 -1.408030986785888672e-01 -1.415739208459854126e-01 -1.380614191293716431e-01 -1.358947455883026123e-01
1.695126444101333618e-01 1.559682041406631470e-01 9.901264905929565430e-01 1.608214080333709717e-01 1.703006476163864136e-01 1.717251092195510864e-01 1.698030978441238403e-01 1.648860424757003784e-01 1.624595373868942261e-01 1.698578745126724243e-01 1.700057238340377808e-01 1.611762791872024536e-01 1.702861338853836060e-01 1.721891611814498901e-01 1.627018004655838013e-01 1.687491983175277710e-01 1.508490145206451416e-01 1.667059063911437988e-01 1.679502725601196289e-01 1.654369831085205078e-01 1.564357876777648926e-01 -7.556460797786712646e-02 1.665435880422592163e-01 -1.079259216785430908e-01 1.696001291275024414e-01 1.719014048576354980e-01 -1.348290145397186279e-01 1.693850904703140259e-01 1.706943958997726440e-01 -1.114303991198539734e-01 -6.264551728963851929e-02 -7.477350533008575439e-02 1.609377413988113403e-01 -1.174682229757308960e-01 -8.775419741868972778e-02 -1.266595721244812012e-01 -1.191609278321266174e-01 -7.674316316843032837e-02 -1.026344373822212219e-01 1.696700453758239746e-01 1.713105291128158569e-01 1.624246239662170410e-01 1.685709506273269653e-01 -1.094416230916976929e-01 -9.698128700256347656e-02 -1.329105347394943237e-01 -1.107177808880805969e-01 -1.146261468529701233e-01 -1.203039586544036865e-01 -9.270691126585006714e-02 -7.233422994613647461e-02 -1.048949956893920898e-01 -1.072202846407890320e-01 -1.324749886989593506e-01 -1.429520100355148315e-01 -1.241741999983787537e-01 -1.500019431114196777e-01 -1.527438014745712280e-01 -1.210162267088890076e-01 -1.203427165746688843e-01 -9.362059086561203003e-02 -1.432080715894699097e-01 -1.507142484188079834e-01 -1.583104729652404785e-01 -1.213845759630203247e-01 -1.220097690820693970e-01 -1.487668007612228394e-01 -1.387976258993148804e-01 -1.510198563337326050e-01 -1.518321484327316284e-01 -1.533639281988143921e-01 -1.496459096670150757e-01 -1.470270007848739624e-01
1.590041518211364746e-01 1.562217921018600464e-01 1.608214080333709717e-01 9.927620291709899902e-01 1.613911837339401245e-01 1.655271500349044800e-01 1.625277847051620483e-01 1.617983728647232056e-01 1.623627245426177979e-01 1.627670377492904663e-01 1.625490784645080566e-01 1.572838574647903442e-01 1.621460616588592529e-01 1.650198549032211304e-01 1.622836738824844360e-01 1.638848483562469482e-01 1.563992500305175781e-01 1.609116792678833008e-01 1.589435338973999023e-01 1.578282713890075684e-01 1.489397883415222168e-01 -7.365997880697250366e-02 1.611022800207138062e-01 -1.038152426481246948e-01 1.616765856742858887e-01 1.630050092935562134e-01 -1.301316618919372559e-01 1.594574749469757080e-01 1.630870550870895386e-01 -1.093152016401290894e-01 -6.158291921019554138e-02 -7.237172871828079224e-02 1.535479128360748291e-01 -1.124351322650909424e-01 -8.644715696573257446e-02 -1.218698471784591675e-01 -1.146311685442924500e-01 -7.592006027698516846e-02 -1.014048829674720764e-01 1.618696302175521851e-01 1.635357737541198730e-01 1.628149002790451050e-01 1.599581986665725708e-01 -1.046255826950073242e-01 -9.520858526229858398e-02 -1.273554712533950806e-01 -1.097506135702133179e-01 -1.099823340773582458e-01 -1.142137572169303894e-01 -8.843972533941268921e-02 -7.217958569526672363e-02 -1.013860777020454407e-01 -1.019078269600868225e-01 -1.263668388128280640e-01 -1.376145035028457642e-01 -1.195535883307456970e-01 -1.442797482013702393e-01 -1.472817659378051758e-01 -1.157380566000938416e-01 -1.151812449097633362e-01 -8.962406218051910400e-02 -1.372944414615631104e-01 -1.456295251846313477e-01 -1.534613072872161865e-01 -1.167679801583290100e-01 -1.191890686750411987e-01 -1.433141529560089111e-01 -1.338241398334503174e-01 -1.452163606882095337e-01 -1.457080543041229248e-01 -1.476333141326904297e-01 -1.437342911958694458e-01 -1.414828002452850342e-01
1.676191389560699463e-01 1.557921916246414185e-01 1.703006476163864136e-01 1.613911837339401245e-01 9.896220564842224121e-01 1.707139909267425537e-01 1.741357892751693726e-01 1.640879958868026733e-01 1.627553850412368774e-01 1.700103580951690674e-01 1.709273457527160645e-01 1.606325507164001465e-01 1.716815531253814697e-01 1.719379574060440063e-01 1.614076793193817139e-01 1.729127466678619385e-01 1.511830985546112061e-01 1.677773296833038330e-01 1.638485789299011230e-01 1.682818084955215454e-01 1.563584804534912109e-01 -7.648055255413055420e-02 1.682855188846588135e-01 -1.087570413947105408e-01 1.705502569675445557e-01 1.702047884464263916e-01 -1.357065290212631226e-01 1.693606525659561157e-01 1.732730269432067871e-01 -1.113167181611061096e-01 -6.168218329548835754e-02 -7.538471370935440063e-02 1.600000262260437012e-01 -1.173403039574623108e-01 -8.874847739934921265e-02 -1.260471194982528687e-01 -1.187302023172378540e-01 -7.732261717319488525e-02 -1.037578210234642029e-01 1.695266664028167725e-01 1.733140200376510620e-01 1.613280177116394043e-01 1.705718487501144409e-01 -1.089867874979972839e-01 -9.675122797489166260e-02 -1.323289424180984497e-01 -1.107759252190589905e-01 -1.144798621535301208e-01 -1.204302161931991577e-01 -9.140395373106002808e-02 -7.256352156400680542e-02 -1.055301502346992493e-01 -1.071156039834022522e-01 -1.317653954029083252e-01 -1.421939879655838013e-01 -1.248655095696449280e-01 -1.500902175903320312e-01 -1.527190208435058594e-01 -1.225869432091712952e-01 -1.195782348513603210e-01 -9.371388703584671021e-02 -1.430677473545074463e-01 -1.520182937383651733e-01 -1.606168299913406372e-01 -1.231736242771148682e-01 -1.217106506228446960e-01 -1.488900184631347656e-01 -1.395070403814315796e-01 -1.505376398563385010e-01 -1.525080204010009766e-01 -1.537345051765441895e-01 -1.510930955410003662e-01 -1.469670385122299194e-01
1.687244325876235962e-01 1.555124819278717041e-01 1.717251092195510864e-01 1.655271500349044800e-01 1.707139909267425537e-01 1.008237957954406738e+00 1.732466071844100952e-01 1.645838618278503418e-01 1.622950136661529541e-01 1.729882061481475830e-01 1.716970801353454590e-01 1.615242362022399902e-01 1.727497130632400513e-01 1.748577952384948730e-01 1.637300252914428711e-01 1.713092476129531860e-01 1.514044702053070068e-01 1.692506670951843262e-01 1.699874699115753174e-01 1.691289842128753662e-01 1.570243984460830688e-01 -7.620847970247268677e-02 1.692724525928497314e-01 -1.095240563154220581e-01 1.717922389507293701e-01 1.715358644723892212e-01 -1.366611570119857788e-01 1.672840565443038940e-01 1.713997125625610352e-01 -1.123216003179550171e-01 -6.198869273066520691e-02 -7.581420987844467163e-02 1.620209366083145142e-01 -1.185081973671913147e-01 -8.857370167970657349e-02 -1.279223561286926270e-01 -1.206678450107574463e-01 -7.703463733196258545e-02 -1.044187918305397034e-01 1.719096899032592773e-01 1.720869094133377075e-01 1.638201326131820679e-01 1.690549850463867188e-01 -1.103686541318893433e-01 -9.825383871793746948e-02 -1.347390115261077881e-01 -1.112036108970642090e-01 -1.162429600954055786e-01 -1.199694275856018066e-01 -9.138482064008712769e-02 -7.349028438329696655e-02 -1.064755916595458984e-01 -1.078793928027153015e-01 -1.333385258913040161e-01 -1.436743438243865967e-01 -1.254535913467407227e-01 -1.506993472576141357e-01 -1.529261022806167603e-01 -1.223140954971313477e-01 -1.207221448421478271e-01 -9.474216401576995850e-02 -1.436704844236373901e-01 -1.521517485380172729e-01 -1.604535728693008423e-01 -1.221597567200660706e-01 -1.234133094549179077e-01 -1.494691520929336548e-01 -1.411712020635604858e-01 -1.523751020431518555e-01 -1.530328392982482910e-01 -1.543735861778259277e-01 -1.510675847530364990e-01 -1.475662142038345337e-01
1.684778034687042236e-01 1.551449447870254517e-01 1.698030978441238403e-01 1.625277847051620483e-01 1.741357892751693726e-01 1.732466071844100952e-01 9.963902831077575684e-01 1.641113162040710449e-01 1.632210016250610352e-01 1.750957369804382324e-01 1.747864782810211182e-01 1.647728383541107178e-01 1.707089394330978394e-01 1.730101853609085083e-01 1.640530824661254883e-01 1.689107567071914673e-01 1.530033349990844727e-01 1.666285544633865356e-01 1.672711819410324097e-01 1.683325916528701782e-01 1.555973440408706665e-01 -7.604768127202987671e-02 1.720619797706604004e-01 -1.087716221809387207e-01 1.745698451995849609e-01 1.740513741970062256e-01 -1.368381381034851074e-01 1.707783043384552002e-01 1.714879721403121948e-01 -1.119427233934402466e-01 -6.083738803863525391e-02 -7.454748451709747314e-02 1.611390113830566406e-01 -1.190829202532768250e-01 -8.859742432832717896e-02 -1.265371143817901611e-01 -1.209906935691833496e-01 -7.744114845991134644e-02 -1.042374745011329651e-01 1.734488159418106079e-01 1.724379509687423706e-01 1.643174439668655396e-01 1.744433939456939697e-01 -1.095690056681632996e-01 -9.676893800497055054e-02 -1.337590068578720093e-01 -1.115011423826217651e-01 -1.164527758955955505e-01 -1.204477027058601379e-01 -9.229443967342376709e-02 -7.239006459712982178e-02 -1.047199741005897522e-01 -1.067785173654556274e-01 -1.327491402626037598e-01 -1.439402997493743896e-01 -1.245205700397491455e-01 -1.506747156381607056e-01 -1.526501327753067017e-01 -1.230046898126602173e-01 -1.216994300484657288e-01 -9.467815607786178589e-02 -1.442442536354064941e-01 -1.519090384244918823e-01 -1.600385755300521851e-01 -1.232983395457267761e-01 -1.229137107729911804e-01 -1.494147628545761108e-01 -1.400777995586395264e-01 -1.510088741779327393e-01 -1.524881571531295776e-01 -1.547502726316452026e-01 -1.508649289608001709e-01 -1.479125022888183594e-01
1.610333025455474854e-01 1.557054370641708374e-01 1.648860424757003784e-01 1.617983728647232056e-01 1.640879958868026733e-01 1.645838618278503418e-01 1.641113162040710449e-01 9.873238801956176758e-01 1.618828773498535156e-01 1.626189202070236206e-01 1.645263731479644775e-01 1.596731394529342651e-01 1.626277714967727661e-01 1.664985120296478271e-01 1.636797934770584106e-01 1.623312830924987793e-01 1.586187481880187988e-01 1.606416851282119751e-01 1.594497263431549072e-01 1.588372886180877686e-01 1.506168544292449951e-01 -7.409235835075378418e-02 1.612924337387084961e-01 -1.043537706136703491e-01 1.628219783306121826e-01 1.610720157623291016e-01 -1.303162276744842529e-01 1.587203592061996460e-01 1.614257395267486572e-01 -1.102033033967018127e-01 -6.227953732013702393e-02 -7.328398525714874268e-02 1.553015559911727905e-01 -1.135387867689132690e-01 -8.672716468572616577e-02 -1.229323670268058777e-01 -1.151067838072776794e-01 -7.557187229394912720e-02 -1.023959517478942871e-01 1.613971292972564697e-01 1.625963151454925537e-01 1.619822680950164795e-01 1.616713255643844604e-01 -1.047621443867683411e-01 -9.623768925666809082e-02 -1.278008818626403809e-01 -1.100601777434349060e-01 -1.104526370763778687e-01 -1.157247871160507202e-01 -8.773633092641830444e-02 -7.426274567842483521e-02 -1.014131158590316772e-01 -1.025668457150459290e-01 -1.281345635652542114e-01 -1.381441503763198853e-01 -1.211269274353981018e-01 -1.443839073181152344e-01 -1.477627605199813843e-01 -1.180305704474449158e-01 -1.162770614027976990e-01 -9.004110097885131836e-02 -1.390376538038253784e-01 -1.472740918397903442e-01 -1.546848714351654053e-01 -1.185363605618476868e-01 -1.208617836236953735e-01 -1.446374505758285522e-01 -1.351129263639450073e-01 -1.467922180891036987e-01 -1.464531123638153076e-01 -1.482376903295516968e-01 -1.456402838230133057e-01 -1.427468508481979370e-01
1.615386605262756348e-01 1.551325768232345581e-01 1.624595373868942261e-01 1.623627245426177979e-01 1.627553850412368774e-01 1.622950136661529541e-01 1.632210016250610352e-01 1.618828773498535156e-01 9.854006767272949219e-01 1.621930301189422607e-01 1.622233837842941284e-01 1.588726639747619629e-01 1.616902351379394531e-01 1.649344563484191895e-01 1.608987450599670410e-01 1.638065874576568604e-01 1.568306833505630493e-01 1.596151739358901978e-01 1.597539931535720825e-01 1.585371345281600952e-01 1.535199135541915894e-01 -7.254358381032943726e-02 1.583969593048095703e-01 -1.036071330308914185e-01 1.628612726926803589e-01 1.618514060974121094e-01 -1.293770223855972290e-01 1.565356999635696411e-01 1.623203903436660767e-01 -1.092935875058174133e-01 -6.068166345357894897e-02 -7.191973179578781128e-02 1.515996456146240234e-01 -1.129879429936408997e-01 -8.597084134817123413e-02 -1.207830980420112610e-01 -1.137837097048759460e-01 -7.490191608667373657e-02 -1.013860031962394714e-01 1.611424088478088379e-01 1.646465361118316650e-01 1.605522036552429199e-01 1.600023657083511353e-01 -1.037874743342399597e-01 -9.542004764080047607e-02 -1.267798840999603271e-01 -1.088861227035522461e-01 -1.092292144894599915e-01 -1.143521517515182495e-01 -8.656336367130279541e-02 -7.027657330036163330e-02 -1.001284271478652954e-01 -1.020920500159263611e-01 -1.259359717369079590e-01 -1.368986964225769043e-01 -1.197001710534095764e-01 -1.435727775096893311e-01 -1.465483903884887695e-01 -1.163272634148597717e-01 -1.156715750694274902e-01 -8.940374851226806641e-02 -1.373671144247055054e-01 -1.451282799243927002e-01 -1.531199812889099121e-01 -1.164687052369117737e-01 -1.191321089863777161e-01 -1.433536559343338013e-01 -1.346963495016098022e-01 -1.448239982128143311e-01 -1.463767290115356445e-01 -1.481105089187622070e-01 -1.438369750976562500e-01 -1.415349543094635010e-01
1.690246909856796265e-01 1.546999961137771606e-01 1.698578745126724243e-01 1.627670377492904663e-01 1.700103580951690674e-01 1.729882061481475830e-01 1.750957369804382324e-01 1.626189202070236206e-01 1.621930301189422607e-01 9.957365989685058594e-01 1.736276596784591675e-01 1.630865931510925293e-01 1.693517714738845825e-01 1.732046604156494141e-01 1.625877767801284790e-01 1.692827790975570679e-01 1.537584960460662842e-01 1.679912954568862915e-01 1.665677130222320557e-01 1.676101684570312500e-01 1.552202999591827393e-01 -7.539185136556625366e-02 1.713526546955108643e-01 -1.083322465419769287e-01 1.740995496511459351e-01 1.730529516935348511e-01 -1.352297812700271606e-01 1.698061376810073853e-01 1.690551042556762695e-01 -1.111836284399032593e-01 -6.257864087820053101e-02 -7.518905401229858398e-02 1.614766865968704224e-01 -1.164419129490852356e-01 -8.876342326402664185e-02 -1.265409439802169800e-01 -1.207475289702415466e-01 -7.600615918636322021e-02 -1.039308607578277588e-01 1.754767000675201416e-01 1.702017486095428467e-01 1.661288887262344360e-01 1.703709065914154053e-01 -1.086928918957710266e-01 -9.591715782880783081e-02 -1.326840072870254517e-01 -1.104819104075431824e-01 -1.157728806138038635e-01 -1.206396520137786865e-01 -9.141627699136734009e-02 -7.113946229219436646e-02 -1.045877560973167419e-01 -1.062020063400268555e-01 -1.320575475692749023e-01 -1.431050002574920654e-01 -1.237531676888465881e-01 -1.495262831449508667e-01 -1.523099988698959351e-01 -1.214860007166862488e-01 -1.198086440563201904e-01 -9.434211999177932739e-02 -1.431968957185745239e-01 -1.505310088396072388e-01 -1.583722978830337524e-01 -1.219290718436241150e-01 -1.220640465617179871e-01 -1.486976891756057739e-01 -1.392989158630371094e-01 -1.507219821214675903e-01 -1.512644588947296143e-01 -1.542069315910339355e-01 -1.492755711078643799e-01 -1.469641029834747314e-01
1.699233651161193848e-01 1.532891243696212769e-01 1.700057238340377808e-01 1.625490784645080566e-01 1.709273457527160645e-01 1.716970801353454590e-01 1.747864782810211182e-01 1.645263731479644775e-01 1.622233837842941284e-01 1.736276596784591675e-01 9.943344593048095703e-01 1.643516570329666138e-01 1.717523187398910522e-01 1.735958158969879150e-01 1.632861495018005371e-01 1.687890142202377319e-01 1.520342528820037842e-01 1.692880243062973022e-01 1.666515320539474487e-01 1.687198430299758911e-01 1.568089872598648071e-01 -7.596382498741149902e-02 1.710554510354995728e-01 -1.096477359533309937e-01 1.731017529964447021e-01 1.726971268653869629e-01 -1.353802084922790527e-01 1.690371036529541016e-01 1.707044839859008789e-01 -1.119030937552452087e-01 -6.253488361835479736e-02 -7.465884834527969360e-02 1.620110273361206055e-01 -1.189781650900840759e-01 -8.821482211351394653e-02 -1.266573816537857056e-01 -1.200008839368820190e-01 -7.845908403396606445e-02 -1.044416725635528564e-01 1.749043911695480347e-01 1.708795726299285889e-01 1.690658926963806152e-01 1.715428829193115234e-01 -1.098788678646087646e-01 -9.606594592332839966e-02 -1.329857110977172852e-01 -1.134382337331771851e-01 -1.159683540463447571e-01 -1.200159639120101929e-01 -9.207529574632644653e-02 -7.156818360090255737e-02 -1.052420958876609802e-01 -1.071607246994972229e-01 -1.322321742773056030e-01 -1.430974453687667847e-01 -1.244637295603752136e-01 -1.500808149576187134e-01 -1.525193303823471069e-01 -1.226664111018180847e-01 -1.206394210457801819e-01 -9.437893331050872803e-02 -1.438699066638946533e-01 -1.509755849838256836e-01 -1.595082879066467285e-01 -1.220983639359474182e-01 -1.230686306953430176e-01 -1.484847664833068848e-01 -1.394225060939788818e-01 -1.514761596918106079e-01 -1.522298306226730347e-01 -1.540106385946273804e-01 -1.499062925577163696e-01 -1.469380855560302734e-01
1.581069082021713257e-01 1.515851318836212158e-01 1.611762791872024536e-01 1.572838574647903442e-01 1.606325507164001465e-01 1.615242362022399902e-01 1.647728383541107178e-01 1.596731394529342651e-01 1.588726639747619629e-01 1.630865931510925293e-01 1.643516570329666138e-01 9.910870790481567383e-01 1.609746664762496948e-01 1.625308692455291748e-01 1.586934030055999756e-01 1.578593403100967407e-01 1.564026027917861938e-01 1.568975597620010376e-01 1.572821885347366333e-01 1.566723585128784180e-01 1.470407098531723022e-01 -7.267035543918609619e-02 1.602234542369842529e-01 -1.046815589070320129e-01 1.621765643358230591e-01 1.636128425598144531e-01 -1.292889267206192017e-01 1.600893884897232056e-01 1.574797779321670532e-01 -1.090338155627250671e-01 -6.080193445086479187e-02 -7.408759742975234985e-02 1.530556380748748779e-01 -1.132294908165931702e-01 -8.615270256996154785e-02 -1.209167391061782837e-01 -1.153861582279205322e-01 -7.617499679327011108e-02 -1.014911308884620667e-01 1.633778810501098633e-01 1.614814400672912598e-01 1.630627661943435669e-01 1.614340692758560181e-01 -1.031706258654594421e-01 -9.391074627637863159e-02 -1.273733675479888916e-01 -1.089225634932518005e-01 -1.099240556359291077e-01 -1.153021827340126038e-01 -8.717825263738632202e-02 -7.259345799684524536e-02 -9.801083803176879883e-02 -1.023062914609909058e-01 -1.261031925678253174e-01 -1.370206624269485474e-01 -1.191351488232612610e-01 -1.439175009727478027e-01 -1.460664719343185425e-01 -1.167392507195472717e-01 -1.149563267827033997e-01 -9.033110737800598145e-02 -1.374807059764862061e-01 -1.451873183250427246e-01 -1.525239497423171997e-01 -1.165289580821990967e-01 -1.207507550716400146e-01 -1.423711180686950684e-01 -1.331109106540679932e-01 -1.446494460105895996e-01 -1.449780464172363281e-01 -1.487105935811996460e-01 -1.437673866748809814e-01 -1.396849304437637329e-01
1.693514883518218994e-01 1.557817459106445312e-01 1.702861338853836060e-01 1.621460616588592529e-01 1.716815531253814697e-01 1.727497130632400513e-01 1.707089394330978394e-01 1.626277714967727661e-01 1.616902351379394531e-01 1.693517714738845825e-01 1.717523187398910522e-01 1.609746664762496948e-01 9.936918020248413086e-01 1.720700562000274658e-01 1.626149564981460571e-01 1.691092848777770996e-01 1.502643525600433350e-01 1.685422211885452271e-01 1.652504205703735352e-01 1.675202399492263794e-01 1.594582796096801758e-01 -7.515566796064376831e-02 1.681662797927856445e-01 -1.078758686780929565e-01 1.686615645885467529e-01 1.697919219732284546e-01 -1.352932900190353394e-01 1.676796823740005493e-01 1.718202829360961914e-01 -1.121303439140319824e-01 -6.229515746235847473e-02 -7.418315857648849487e-02 1.634232550859451294e-01 -1.173845976591110229e-01 -8.881531655788421631e-02 -1.257160604000091553e-01 -1.203162670135498047e-01 -7.721416652202606201e-02 -1.029486954212188721e-01 1.715998351573944092e-01 1.702468544244766235e-01 1.633602082729339600e-01 1.676421016454696655e-01 -1.088324785232543945e-01 -9.760145843029022217e-02 -1.314751356840133667e-01 -1.102666482329368591e-01 -1.158369928598403931e-01 -1.217750683426856995e-01 -9.351237863302230835e-02 -7.051659375429153442e-02 -1.034084036946296692e-01 -1.070546135306358337e-01 -1.320014446973800659e-01 -1.421076804399490356e-01 -1.254973262548446655e-01 -1.495366245508193970e-01 -1.522705852985382080e-01 -1.224969774484634399e-01 -1.215690448880195618e-01 -9.385956078767776489e-02 -1.418110728263854980e-01 -1.506918966770172119e-01 -1.595624536275863647e-01 -1.220673471689224243e-01 -1.225737109780311584e-01 -1.484116166830062866e-01 -1.401643007993698120e-01 -1.506543010473251343e-01 -1.517606675624847412e-01 -1.536612957715988159e-01 -1.499357670545578003e-01 -1.465635895729064941e-01
1.696349829435348511e-01 1.598001271486282349e-01 1.721891611814498901e-01 1.650198549032211304e-01 1.719379574060440063e-01 1.748577952384948730e-01 1.730101853609085083e-01 1.664985120296478271e-01 1.649344563484191895e-01 1.732046604156494141e-01 1.735958158969879150e-01 1.625308692455291748e-01 1.720700562000274658e-01 9.955647587776184082e-01 1.640692651271820068e-01 1.710535436868667603e-01 1.523081958293914795e-01 1.705246567726135254e-01 1.684466153383255005e-01 1.685215681791305542e-01 1.556573808193206787e-01 -7.654973119497299194e-02 1.691271960735321045e-01 -1.097583472728729248e-01 1.701833903789520264e-01 1.724154949188232422e-01 -1.367788463830947876e-01 1.696825623512268066e-01 1.739478856325149536e-01 -1.133593767881393433e-01 -6.283278018236160278e-02 -7.540858536958694458e-02 1.628924608230590820e-01 -1.187398135662078857e-01 -8.845279365777969360e-02 -1.284984499216079712e-01 -1.200108900666236877e-01 -7.785267382860183716e-02 -1.042101606726646423e-01 1.724869459867477417e-01 1.746495813131332397e-01 1.623997241258621216e-01 1.683076769113540649e-01 -1.091558039188385010e-01 -9.743792563676834106e-02 -1.337683945894241333e-01 -1.111010536551475525e-01 -1.164226233959197998e-01 -1.212525889277458191e-01 -9.313818812370300293e-02 -7.438652962446212769e-02 -1.065353900194168091e-01 -1.071067899465560913e-01 -1.329341977834701538e-01 -1.438376754522323608e-01 -1.262431293725967407e-01 -1.521307528018951416e-01 -1.535777896642684937e-01 -1.224102824926376343e-01 -1.221479699015617371e-01 -9.554895013570785522e-02 -1.442454606294631958e-01 -1.527156829833984375e-01 -1.606845259666442871e-01 -1.230362206697463989e-01 -1.229940578341484070e-01 -1.502257734537124634e-01 -1.415372639894485474e-01 -1.521857827901840210e-01 -1.519266068935394287e-01 -1.554560065269470215e-01 -1.513605415821075439e-01 -1.498413980007171631e-01
1.604066044092178345e-01 1.530890166759490967e-01 1.627018004655838013e-01 1.622836738824844360e-01 1.614076793193817139e-01 1.637300252914428711e-01 1.640530824661254883e-01 1.636797934770584106e-01 1.608987450599670410e-01 1.625877767801284790e-01 1.632861495018005371e-01 1.586934030055999756e-01 1.626149564981460571e-01 1.640692651271820068e-01 9.849182963371276855e-01 1.631051748991012573e-01 1.537481993436813354e-01 1.616780906915664673e-01 1.595864742994308472e-01 1.586040556430816650e-01 1.526276767253875732e-01 -7.280018180608749390e-02 1.602499336004257202e-01 -1.040955334901809692e-01 1.619134694337844849e-01 1.616806834936141968e-01 -1.304443478584289551e-01 1.603801101446151733e-01 1.612848043441772461e-01 -1.097020208835601807e-01 -6.165713071823120117e-02 -7.299235463142395020e-02 1.526836901903152466e-01 -1.121344491839408875e-01 -8.686452358961105347e-02 -1.223827823996543884e-01 -1.148220002651214600e-01 -7.473111897706985474e-02 -1.011040583252906799e-01 1.608995497226715088e-01 1.634733080863952637e-01 1.618454605340957642e-01 1.584871858358383179e-01 -1.047790795564651489e-01 -9.558941423892974854e-02 -1.273589730262756348e-01 -1.096873432397842407e-01 -1.109340041875839233e-01 -1.155539825558662415e-01 -8.722060918807983398e-02 -7.170431315898895264e-02 -1.001138985157012939e-01 -1.019968613982200623e-01 -1.265880465507507324e-01 -1.363050788640975952e-01 -1.190033629536628723e-01 -1.444516330957412720e-01 -1.465455889701843262e-01 -1.176106855273246765e-01 -1.161208599805831909e-01 -8.990056067705154419e-02 -1.376032382249832153e-01 -1.450667679309844971e-01 -1.533418893814086914e-01 -1.162861958146095276e-01 -1.204767152667045593e-01 -1.433297246694564819e-01 -1.337142586708068848e-01 -1.448314189910888672e-01 -1.457596421241760254e-01 -1.478768885135650635e-01 -1.443717777729034424e-01 -1.414400190114974976e-01
1.669912040233612061e-01 1.562541425228118896e-01 1.687491983175277710e-01 1.638848483562469482e-01 1.729127466678619385e-01 1.713092476129531860e-01 1.689107567071914673e-01 1.623312830924987793e-01 1.638065874576568604e-01 1.692827790975570679e-01 1.687890142202377319e-01 1.578593403100967407e-01 1.691092848777770996e-01 1.710535436868667603e-01 1.631051748991012573e-01 9.896177649497985840e-01 1.527276188135147095e-01 1.675704121589660645e-01 1.656256765127182007e-01 1.667789816856384277e-01 1.590585261583328247e-01 -7.447975873947143555e-02 1.674397438764572144e-01 -1.070441156625747681e-01 1.716315299272537231e-01 1.685754209756851196e-01 -1.351528316736221313e-01 1.674563139677047729e-01 1.721311360597610474e-01 -1.108804568648338318e-01 -6.283115595579147339e-02 -7.379446178674697876e-02 1.614804267883300781e-01 -1.160459592938423157e-01 -8.665718883275985718e-02 -1.249773353338241577e-01 -1.183777004480361938e-01 -7.619853317737579346e-02 -1.020867452025413513e-01 1.691764444112777710e-01 1.693427413702011108e-01 1.616376042366027832e-01 1.687615811824798584e-01 -1.078941822052001953e-01 -9.628079086542129517e-02 -1.313313394784927368e-01 -1.092913299798965454e-01 -1.148434206843376160e-01 -1.187695115804672241e-01 -9.028325229883193970e-02 -7.214331626892089844e-02 -1.051492393016815186e-01 -1.063745692372322083e-01 -1.314656436443328857e-01 -1.417196840047836304e-01 -1.243084967136383057e-01 -1.485409438610076904e-01 -1.522053927183151245e-01 -1.199453771114349365e-01 -1.191445440053939819e-01 -9.282425791025161743e-02 -1.421421468257904053e-01 -1.500095129013061523e-01 -1.587140560150146484e-01 -1.213637813925743103e-01 -1.211923733353614807e-01 -1.469042152166366577e-01 -1.379845440387725830e-01 -1.505016982555389404e-01 -1.510808169841766357e-01 -1.532155424356460571e-01 -1.494100242853164673e-01 -1.467612534761428833e-01
1.480624228715896606e-01 1.475647389888763428e-01 1.508490145206451416e-01 1.563992500305175781e-01 1.511830985546112061e-01 1.514044702053070068e-01 1.530033349990844727e-01 1.586187481880187988e-01 1.568306833505630493e-01 1.537584960460662842e-01 1.520342528820037842e-01 1.564026027917861938e-01 1.502643525600433350e-01 1.523081958293914795e-01 1.537481993436813354e-01 1.527276188135147095e-01 9.923110604286193848e-01 1.482568979263305664e-01 1.479754149913787842e-01 1.473798602819442749e-01 1.434410810470581055e-01 -6.887773424386978149e-02 1.489953100681304932e-01 -9.815561771392822266e-02 1.537225395441055298e-01 1.516857445240020752e-01 -1.229932308197021484e-01 1.481625586748123169e-01 1.501006931066513062e-01 -1.066819429397583008e-01 -6.157053261995315552e-02 -7.152292877435684204e-02 1.443915814161300659e-01 -1.070101484656333923e-01 -8.415365219116210938e-02 -1.148153916001319885e-01 -1.079199761152267456e-01 -7.314544916152954102e-02 -9.869044274091720581e-02 1.514446288347244263e-01 1.522185951471328735e-01 1.569924950599670410e-01 1.489430516958236694e-01 -9.827354550361633301e-02 -9.338422119617462158e-02 -1.200167313218116760e-01 -1.058265864849090576e-01 -1.038972288370132446e-01 -1.083311364054679871e-01 -8.177150785923004150e-02 -7.166075706481933594e-02 -9.527254104614257812e-02 -9.790506213903427124e-02 -1.204835250973701477e-01 -1.321894675493240356e-01 -1.130736246705055237e-01 -1.370320618152618408e-01 -1.404454708099365234e-01 -1.103715673089027405e-01 -1.091207563877105713e-01 -8.510519564151763916e-02 -1.316183805465698242e-01 -1.396604776382446289e-01 -1.465931981801986694e-01 -1.121297329664230347e-01 -1.166512444615364075e-01 -1.364019662141799927e-01 -1.280609667301177979e-01 -1.388542503118515015e-01 -1.389562636613845825e-01 -1.404148638248443604e-01 -1.369029283523559570e-01 -1.347814649343490601e-01
1.658430248498916626e-01 1.570020318031311035e-01 1.667059063911437988e-01 1.609116792678833008e-01 1.677773296833038330e-01 1.692506670951843262e-01 1.666285544633865356e-01 1.606416851282119751e-01 1.596151739358901978e-01 1.679912954568862915e-01 1.692880243062973022e-01 1.568975597620010376e-01 1.685422211885452271e-01 1.705246567726135254e-01 1.616780906915664673e-01 1.675704121589660645e-01 1.482568979263305664e-01 9.919617176055908203e-01 1.659488976001739502e-01 1.642040759325027466e-01 1.533752828836441040e-01 -7.455994188785552979e-02 1.645596027374267578e-01 -1.063619628548622131e-01 1.668720692396163940e-01 1.681217700242996216e-01 -1.326431930065155029e-01 1.674149334430694580e-01 1.690034717321395874e-01 -1.094051748514175415e-01 -6.133734062314033508e-02 -7.284349203109741211e-02 1.592572927474975586e-01 -1.166054010391235352e-01 -8.647156506776809692e-02 -1.245998144149780273e-01 -1.167826056480407715e-01 -7.634921371936798096e-02 -1.010747924447059631e-01 1.685005575418472290e-01 1.690007895231246948e-01 1.594089269638061523e-01 1.675594598054885864e-01 -1.074268072843551636e-01 -9.574733674526214600e-02 -1.300401836633682251e-01 -1.097550466656684875e-01 -1.137490347027778625e-01 -1.174892261624336243e-01 -9.012304991483688354e-02 -7.044142484664916992e-02 -1.047394797205924988e-01 -1.052033603191375732e-01 -1.302596032619476318e-01 -1.406311392784118652e-01 -1.223676875233650208e-01 -1.482045799493789673e-01 -1.507074981927871704e-01 -1.195361167192459106e-01 -1.186407655477523804e-01 -9.243361651897430420e-02 -1.412916481494903564e-01 -1.479305177927017212e-01 -1.564493030309677124e-01 -1.189905032515525818e-01 -1.198289170861244202e-01 -1.447565704584121704e-01 -1.371268332004547119e-01 -1.487551331520080566e-01 -1.495734602212905884e-01 -1.508462429046630859e-01 -1.471188217401504517e-01 -1.445916146039962769e-01
1.660113781690597534e-01 1.521563529968261719e-01 1.679502725601196289e-01 1.589435338973999023e-01 1.638485789299011230e-01 1.699874699115753174e-01 1.672711819410324097e-01 1.594497263431549072e-01 1.597539931535720825e-01 1.665677130222320557e-01 1.666515320539474487e-01 1.572821885347366333e-01 1.652504205703735352e-01 1.684466153383255005e-01 1.595864742994308472e-01 1.656256765127182007e-01 1.479754149913787842e-01 1.659488976001739502e-01 9.873049259185791016e-01 1.655197441577911377e-01 1.519254744052886963e-01 -7.448615878820419312e-02 1.640823185443878174e-01 -1.060636937618255615e-01 1.656536459922790527e-01 1.684877127408981323e-01 -1.318350285291671753e-01 1.647130548954010010e-01 1.702242642641067505e-01 -1.095932796597480774e-01 -6.045044586062431335e-02 -7.159597426652908325e-02 1.561950743198394775e-01 -1.161050572991371155e-01 -8.540359139442443848e-02 -1.236619278788566589e-01 -1.173827275633811951e-01 -7.524482905864715576e-02 -1.005577519536018372e-01 1.659648418426513672e-01 1.669073551893234253e-01 1.581201702356338501e-01 1.639838814735412598e-01 -1.064499840140342712e-01 -9.450842440128326416e-02 -1.312085241079330444e-01 -1.094847843050956726e-01 -1.126224547624588013e-01 -1.170908734202384949e-01 -8.987612277269363403e-02 -7.101825624704360962e-02 -1.028627902269363403e-01 -1.050439253449440002e-01 -1.290154606103897095e-01 -1.400521099567413330e-01 -1.226677969098091125e-01 -1.467949002981185913e-01 -1.504940986633300781e-01 -1.196310222148895264e-01 -1.185123994946479797e-01 -9.289997071027755737e-02 -1.394361108541488647e-01 -1.482409536838531494e-01 -1.560471504926681519e-01 -1.197754666209220886e-01 -1.199546828866004944e-01 -1.455406546592712402e-01 -1.374361515045166016e-01 -1.488757133483886719e-01 -1.492174118757247925e-01 -1.517415642738342285e-01 -1.478304415941238403e-01 -1.446272730827331543e-01
1.644451320171356201e-01 1.518849134445190430e-01 1.654369831085205078e-01 1.578282713890075684e-01 1.682818084955215454e-01 1.691289842128753662e-01 1.683325916528701782e-01 1.588372886180877686e-01 1.585371345281600952e-01 1.676101684570312500e-01 1.687198430299758911e-01 1.566723585128784180e-01 1.675202399492263794e-01 1.685215681791305542e-01 1.586040556430816650e-01 1.667789816856384277e-01 1.473798602819442749e-01 1.642040759325027466e-01 1.655197441577911377e-01 9.864506125450134277e-01 1.546119898557662964e-01 -7.427854835987091064e-02 1.621662974357604980e-01 -1.063488349318504333e-01 1.689295619726181030e-01 1.673003137111663818e-01 -1.325133740901947021e-01 1.648274958133697510e-01 1.677520126104354858e-01 -1.098124235868453979e-01 -6.185728311538696289e-02 -7.263959199190139771e-02 1.570754945278167725e-01 -1.148638576269149780e-01 -8.713504672050476074e-02 -1.247626096010208130e-01 -1.166246607899665833e-01 -7.608352601528167725e-02 -1.004485487937927246e-01 1.655956357717514038e-01 1.681907176971435547e-01 1.595049947500228882e-01 1.647353321313858032e-01 -1.060910373926162720e-01 -9.455632418394088745e-02 -1.299280822277069092e-01 -1.079856976866722107e-01 -1.124683171510696411e-01 -1.173304319381713867e-01 -9.066955000162124634e-02 -7.206545025110244751e-02 -1.035443991422653198e-01 -1.047670692205429077e-01 -1.289962232112884521e-01 -1.396282017230987549e-01 -1.214357763528823853e-01 -1.472566425800323486e-01 -1.505482792854309082e-01 -1.190628111362457275e-01 -1.174502968788146973e-01 -9.242404252290725708e-02 -1.399125456809997559e-01 -1.477368175983428955e-01 -1.556924432516098022e-01 -1.193380877375602722e-01 -1.197376400232315063e-01 -1.450120657682418823e-01 -1.362311691045761108e-01 -1.487254798412322998e-01 -1.487896889448165894e-01 -1.503646820783615112e-01 -1.468457281589508057e-01 -1.448844671249389648e-01
1.547543406486511230e-01 1.452547162771224976e-01 1.564357876777648926e-01 1.489397883415222168e-01 1.563584804534912109e-01 1.570243984460830688e-01 1.555973440408706665e-01 1.506168544292449951e-01 1.535199135541915894e-01 1.552202999591827393e-01 1.568089872598648071e-01 1.470407098531723022e-01 1.594582796096801758e-01 1.556573808193206787e-01 1.526276767253875732e-01 1.590585261583328247e-01 1.434410810470581055e-01 1.533752828836441040e-01 1.519254744052886963e-01 1.546119898557662964e-01 9.743658900260925293e-01 -7.019189000129699707e-02 1.519668251276016235e-01 -9.928829967975616455e-02 1.559872478246688843e-01 1.559627503156661987e-01 -1.246582046151161194e-01 1.513409614562988281e-01 1.557465493679046631e-01 -1.063347011804580688e-01 -6.007909402251243591e-02 -7.070415467023849487e-02 1.470345556735992432e-01 -1.083087325096130371e-01 -8.315463364124298096e-02 -1.172032579779624939e-01 -1.094228550791740417e-01 -7.327311486005783081e-02 -9.847679734230041504e-02 1.575318425893783569e-01 1.567617356777191162e-01 1.505540162324905396e-01 1.535195112228393555e-01 -9.968175739049911499e-02 -9.160682559013366699e-02 -1.223621368408203125e-01 -1.056095361709594727e-01 -1.058355495333671570e-01 -1.104266494512557983e-01 -8.315780013799667358e-02 -6.984218209981918335e-02 -9.690898656845092773e-02 -9.818276017904281616e-02 -1.222873553633689880e-01 -1.318023055791854858e-01 -1.148548796772956848e-01 -1.392721980810165405e-01 -1.416751891374588013e-01 -1.117116808891296387e-01 -1.105476990342140198e-01 -8.474122732877731323e-02 -1.324286907911300659e-01 -1.400209367275238037e-01 -1.484027653932571411e-01 -1.126971393823623657e-01 -1.172154694795608521e-01 -1.375889629125595093e-01 -1.289725303649902344e-01 -1.411451697349548340e-01 -1.412695646286010742e-01 -1.428417414426803589e-01 -1.390749812126159668e-01 -1.371309608221054077e-01
